[몬스터키][몬스터이름][힘,민,지,운,HP,MP,데미지,최소뎀,최대댐,방어,크리,크리뎀,회피,경험치,레벨][사용가능 스킬]
[DarkCommander4][파괴의 마몬][100,250,100,50,3700,100,350,300,400,150,15,150,15,4000,55][61,63,67]
[DarkCommander3][망각의 메루스][50,100,250,200,2760,100,350,300,400,100,10,150,10,3500,55][26,71]
[DarkCommander2][혼돈의 칼크][100,250,100,50,3700,100,350,300,400,150,15,150,15,4000,55][68,69,70]
[DarkCommander1][파멸의 베라모드][100,250,100,50,3700,100,350,300,400,150,15,150,15,4000,55][72,73,74]
[Thief1][녹색 두건 도적][100,250,100,50,300,100,15,10,20,35,5,110,15,500,10][64]
[Thief2][자색 두건 도적][100,250,100,50,270,100,20,15,25,30,5,110,15,500,10][64]
[Thief3][은색 두건 도적][100,250,100,50,210,100,30,30,40,40,5,110,15,500,10][64,65]
[Destroyer][파괴왕][100,250,100,50,1500,100,40,25,50,80,10,140,15,10000,20][25,62,66][Boss]
[FinalBoss][지옥 대군주 골베즈][100,550,100,50,12700,100,350,300,400,150,15,150,15,50000,55][75,76,77][Boss]
[AzhiDahaka][슬라임][100,600,100,50,50000,100,350,300,400,150,15,150,15,100000,99][25,26,27][Boss]